.Random.seed <-
c(10403L, 10L, -166905475L, -472124809L, 612584350L, -2025883048L, 
1020031931L, 606852441L, 2062905064L, 1840353046L, 111820945L, 
-1845445309L, -1736587182L, -149013788L, 1680317735L, 1102857597L, 
1897188468L, 818796122L, 372380325L, -1241466689L, 1649134406L, 
-1326024240L, -311604237L, -260689135L, -1715469504L, -2015638754L, 
-356412439L, 1411283227L, -1817636054L, 776131660L, -1649599473L, 
842749765L, 269123836L, -1228181678L, -422027059L, 2016727175L, 
-2124213394L, -948722360L, -131559093L, 1108059305L, -58264072L, 
-1883292378L, -765174207L, 1566676947L, 1849462146L, -1043701324L, 
954715447L, 1311459373L, -1396116156L, 526709354L, -1903665963L, 
2122742383L, 376663926L, -194482016L, -1135695517L, -807155199L, 
-1495221904L, 1166682382L, -2108867719L, 1362227979L, 239533114L, 
-456287428L, -2098179969L, 1908913109L, 238788076L, -568316094L, 
-382431075L, 302352663L, -635764610L, 255383608L, -1152323813L, 
219184249L, 1857283272L, -432257802L, -286108367L, -1074772637L, 
-446265550L, 114577540L, -1975505721L, 614793117L, 549456660L, 
1461377466L, 743190533L, -1238997537L, -64341914L, 1206798320L, 
171266323L, 1008553649L, -1804015264L, -1323794690L, 1492048521L, 
1631892923L, -1597108342L, -276515220L, -300136465L, 1564672037L, 
-774074148L, 1896363698L, 44366253L, -617575065L, 166558350L, 
869000040L, -875250837L, -342334199L, 132602776L, -2031838522L, 
-864092127L, -615824205L, 147207714L, -1127610348L, -899928937L, 
-1596635507L, -349214812L, 1531779466L, -1343805963L, -407431089L, 
-837218474L, 2137368064L, 2058893123L, 1697083105L, -832263088L, 
-1930775378L, -1109381031L, -102289301L, 469140954L, -1984811364L, 
550846623L, -1319576843L, -983652468L, -2047400350L, -35325379L, 
1369056439L, -249111714L, -3916136L, -675136005L, -461955175L, 
533698600L, -1042104106L, -120208047L, -627854333L, -895583342L, 
982604068L, -1792090137L, -1142143939L, -152464716L, 1130307866L, 
783340133L, -1430653185L, -1336513658L, 277097744L, -662764109L, 
107296337L, 182580736L, 1160565470L, 294437161L, 794717403L, 
-1980195862L, -1859294324L, -1305006897L, 1840261L, -1534124228L, 
-1600594414L, -1425097459L, -432175545L, 327892014L, 1670717832L, 
1260812427L, 1094177385L, -151531976L, -1675475226L, 500703873L, 
336432659L, 2116270530L, 693891700L, -844278665L, -1242448531L, 
1036247556L, -1304821462L, -877971819L, 1589222703L, 110635062L, 
789904480L, -187518301L, 834282945L, -354930256L, -1625820978L, 
1654419001L, 467865675L, 2088362490L, 982211836L, 1046884671L, 
-1128722923L, 348884268L, -1558888958L, 597796061L, 250118103L, 
-1332651330L, -435299080L, 2123645659L, -1169213127L, -879559544L, 
389073974L, 100145265L, -918623581L, 1370951666L, -2064620732L, 
-1256526841L, 34228701L, -1450084652L, -380036614L, 1214297413L, 
-1099636321L, -611531994L, 330390448L, -1113569197L, -192953487L, 
-721890656L, -1501313474L, -951423671L, -39652357L, 2029533130L, 
-1488115412L, 1299031343L, 1061465061L, -30592356L, -729991438L, 
-746166419L, -1297928025L, -940010802L, 1795784276L, -1121229166L, 
-1366284512L, -1797351476L, -1219821344L, 1236934338L, -749980632L, 
1556749228L, -459310404L, -1991661070L, 624358960L, -267888732L, 
-1058106952L, 1196409690L, -588966768L, 1324559228L, -2025126124L, 
-1680462526L, -885813504L, -1953541188L, 100634448L, -178247390L, 
217195080L, -771887092L, 1533416540L, 630469074L, 1888935424L, 
59244884L, 1240690920L, 30335226L, -992614704L, -1803579092L, 
92987636L, 1202687378L, 1750284640L, -1619937268L, 324125408L, 
1396648546L, 1689248424L, -1967404468L, 932736892L, 556176690L, 
-1781037456L, -37629116L, -2121594920L, 183601018L, 2060858928L, 
870393788L, 526317140L, 85332034L, -1118990176L, -1293797700L, 
757303760L, -34249886L, 1405788904L, 1077371084L, 1683055100L, 
1865495026L, -466253184L, -312795660L, 1121121928L, 1849425722L, 
-288124080L, -1624822676L, 13156756L, 1466086482L, 203301344L, 
4717772L, 1627169952L, 2002097538L, -681424664L, -680986900L, 
135075132L, -1100395406L, 712845424L, 1130135588L, 579841080L, 
246894362L, -1685418800L, 368369468L, -1070430316L, -1558760574L, 
895707584L, 2034269756L, -1761458800L, 2058788386L, 749741320L, 
-81211764L, -746356964L, 320200850L, 945551744L, -1578850796L, 
53460776L, 1132034618L, 1878162896L, 1532520812L, -1934277708L, 
-1806649326L, -1194101280L, 1217325004L, 788070624L, -49694686L, 
-2032426712L, -755868148L, 1450469180L, -394238990L, -534562064L, 
-1254896060L, 556876376L, -2059440326L, 411002352L, 1206818492L, 
983234836L, -1150139710L, 2101220448L, 548709244L, -23840816L, 
1183244578L, 454826664L, -1597580404L, 884160700L, -1008677070L, 
-582366656L, -1272881996L, -2015657400L, -2119899718L, 349348368L, 
-2125843732L, 518971732L, 1393058066L, 712920480L, -302284084L, 
1529126496L, -577538110L, -1689778392L, -1592397908L, 50938684L, 
-1141184142L, 1796823856L, 1599851812L, 1822092088L, -163152166L, 
2127873936L, 697126652L, -1650447468L, -790527934L, 1153791232L, 
1264223292L, 140968272L, 161927330L, -362544824L, 1332762380L, 
-1942969636L, 703507794L, 1175962752L, -541999020L, 2134380520L, 
9537786L, 55602000L, -1394475220L, 921422196L, -1405817966L, 
-1149876128L, 583953804L, -690824352L, 1597921762L, 985314216L, 
-41700148L, -1628069892L, 183641522L, -1656777232L, 37538756L, 
1843578200L, -1452385926L, -1971420240L, -962811460L, 1513691220L, 
89077698L, -1984860128L, 903338172L, 371569232L, 107279330L, 
1470414952L, -965016500L, -491210500L, 1412729842L, -617068288L, 
342679924L, -1227609080L, -1484546118L, -717704752L, -1331315732L, 
-71351916L, 406442450L, 1884975456L, -1920045236L, -1680344800L, 
-662536318L, 53374696L, 1660141804L, -1656556484L, -836437134L, 
-1675141520L, -406072284L, 1519643448L, 907898010L, 2016260816L, 
-1105911620L, -1856999788L, -1948313982L, 802826432L, 1775969084L, 
54877328L, -624845278L, 2070974472L, -1031111412L, 188525724L, 
-1364558318L, -1693974656L, -424833516L, -989943256L, 168539450L, 
887720400L, -688753556L, 523667764L, -313248110L, 883264352L, 
44928304L, 150285657L, -1553219893L, 1591744316L, -464683158L, 
-1064661601L, -385309655L, -1308952898L, -1356105812L, 1084841213L, 
2121074759L, 973944624L, -2063486898L, -647308165L, -580825123L, 
-1659462134L, -1987337432L, 2114456977L, -1507986557L, 1435023492L, 
1327584946L, 1930324487L, 1597880913L, 1224364502L, 2073394356L, 
-725989179L, 427923983L, -2136608120L, 514992038L, -792096941L, 
-430927691L, 791727634L, 1327623136L, -1690509751L, 1664334971L, 
1314848076L, 1447659738L, -1874462513L, 1000653977L, 12347566L, 
782521788L, -2032603603L, -361895465L, 190087200L, -2010094210L, 
-1571857589L, 1163780429L, -25133190L, 1055871416L, -1264004255L, 
-1397316845L, 1888615220L, 700176706L, 509361495L, 141695137L, 
-1751895706L, 2145215332L, -1678882155L, -1830122561L, 1890623320L, 
656422262L, -1939105917L, -816091707L, 1209660130L, 323566416L, 
-33569159L, 550906283L, -1784004836L, 1297664074L, -1119863745L, 
-157574007L, 928561310L, 2118997324L, 1380496669L, 503533735L, 
-1273716784L, 592664430L, -1515102693L, -1371216003L, -242389654L, 
-216333304L, 1838599345L, 1418980131L, -2023122908L, -1965008174L, 
-1420472537L, 1459605873L, 1472829366L, -459994284L, -13134363L, 
2091495407L, 1645072168L, 1541420934L, -356613197L, 167764757L, 
-890372750L, -207584832L, 1821938217L, -1859299685L, -1169358996L, 
1789912954L, 787824815L, -1287177287L, 925421006L, 1431861532L, 
1416850573L, -1831395081L, 552160256L, 1112452702L, 1145409835L, 
673673773L, -646417766L, 1133432408L, 288477633L, 988053107L, 
-220136556L, -939757022L, -697230025L, 507337729L, 1797996806L, 
1515029828L, 1433651317L, -2100000289L, 2111100216L, -136829162L, 
1594058531L, 734917861L, 574263554L, 1622967152L, -216483047L, 
1253088011L, 1774233596L, 1308566570L, 1948788831L, -1992851479L, 
971710718L, 1432522988L, 1662547005L, 1904084999L, -243461136L, 
1430970254L, 1012121019L, 1071651741L, -1308090038L, -2097288856L, 
1780408145L, 1346477123L, -2049440444L, 1202832882L, -885534777L, 
